-0.999988990984382
-0.999941994606846
-0.999857446369980
-0.999735330671043
-0.999575649798311
-0.999378409202600
-0.999143616112379
-0.998871279275450
-0.998561408890040
-0.998214016581613
-0.997829115393563
-0.997406719782850
-0.996946845617604
-0.996449510175578
-0.995914732142978
-0.995342531613466
-0.994732930087228
-0.994085950470056
-0.993401617072415
-0.992679955608487
-0.991920993195172
-0.991124758351048
-0.990291280995287
-0.989420592446516
-0.988512725421635
-0.987567714034583
-0.986585593795049
-0.985566401607138
-0.984510175767979
-0.983416955966284
-0.982286783280860
-0.981119700179057
-0.979915750515179
-0.978674979528826
-0.977397433843206
-0.976083161463370
-0.974732211774417
-0.973344635539633
-0.971920484898584
-0.970459813365159
-0.968962675825556
-0.967429128536224
-0.965859229121740
-0.964253036572656
-0.962610611243270
-0.960932014849368
-0.959217310465897
-0.957466562524602
-0.955679836811599
-0.953857200464906
-0.951998721971920
-0.950104471166842
-0.948174519228055
-0.946208938675448
-0.944207803367691
-0.942171188499459
-0.940099170598609
-0.937991827523303
-0.935849238459081
-0.933671483915886
-0.931458645725041
-0.929210807036171
-0.926928052314083
-0.924610467335586
-0.922258139186272
-0.919871156257244
-0.917449608241791
-0.914993586132023
-0.912503182215446
-0.909978490071499
-0.907419604568036
-0.904826621857758
-0.902199639374607
-0.899538755830098
-0.896844071209613
-0.894115686768646
-0.891353705028993
-0.888558229774902
-0.885729366049175
-0.882867220149221
-0.879971899623057
-0.877043513265273
-0.874082171112938
-0.871087984441470
-0.868061065760454
-0.865001528809412
-0.861909488553529
-0.858785061179338
-0.855628364090346
-0.852439515902632
-0.849218636440382
-0.845965846731390
-0.842681269002510
-0.839365026675063
-0.836017244360197
-0.832638047854211
-0.829227564133821
-0.825785921351393
-0.822313248830124
-0.818809677059187
-0.815275337688825
-0.811710363525404
-0.808114888526424
-0.804489047795485
-0.800832977577207
-0.797146815252118
-0.793430699331483
-0.789684769452107
-0.785909166371083
-0.782104031960504
-0.778269509202134
-0.774405742182032
-0.770512876085140
-0.766591057189830
-0.762640432862400
-0.758661151551545
-0.754653362782772
-0.750617217152788
-0.746552866323834
-0.742460463017992
-0.738340161011444
-0.734192115128693
-0.730016481236747
-0.725813416239259
-0.721583078070638
-0.717325625690105
-0.713041219075729
-0.708730019218407
-0.704392188115824
-0.700027888766357
-0.695637285162957
-0.691220542286981
-0.686777826101999
-0.682309303547551
-0.677815142532879
-0.673295511930615
-0.668750581570438
-0.664180522232690
-0.659585505641960
-0.654965704460630
-0.650321292282389
-0.645652443625709
-0.640959333927286
-0.636242139535452
-0.631501037703542
-0.626736206583239
-0.621947825217879
-0.617136073535721
-0.612301132343187
-0.607443183318068
-0.602562409002699
-0.597658992797098
-0.592733118952072
-0.587784972562301
-0.582814739559375
-0.577822606704811
-0.572808761583038
-0.567773392594341
-0.562716688947789
-0.557638840654122
-0.552540038518610
-0.547420474133887
-0.542280339872746
-0.537119828880918
-0.531939135069807
-0.526738453109208
-0.521517978419991
-0.516277907166758
-0.511018436250470
-0.505739763301052
-0.500442086669965
-0.495125605422749
-0.489790519331550
-0.484437028867608
-0.479065335193729
-0.473675640156717
-0.468268146279800
-0.462843056755016
-0.457400575435572
-0.451940906828194
-0.446464256085438
-0.440970828997977
-0.435460831986875
-0.429934472095826
-0.424391956983379
-0.418833494915127
-0.413259294755888
-0.407669565961856
-0.402064518572727
-0.396444363203811
-0.390809311038113
-0.385159573818401
-0.379495363839250
-0.373816893939063
-0.368124377492073
-0.362418028400326
-0.356698061085646
-0.350964690481571
-0.345218132025287
-0.339458601649521
-0.333686315774437
-0.327901491299498
-0.322104345595319
-0.316295096495495
-0.310473962288420
-0.304641161709084
-0.298796913930851
-0.292941438557224
-0.287074955613598
-0.281197685538985
-0.275309849177735
-0.269411667771239
-0.263503362949610
-0.257585156723363
-0.251657271475063
-0.245719929950980
-0.239773355252706
-0.233817770828786
-0.227853400466310
-0.221880468282509
-0.215899198716335
-0.209909816520024
-0.203912546750652
-0.197907614761681
-0.191895246194484
-0.185875666969876
-0.179849103279616
-0.173815781577913
-0.167775928572916
-0.161729771218192
-0.155677536704202
-0.149619452449762
-0.143555746093496
-0.137486645485288
-0.131412378677714
-0.125333173917475
-0.119249259636820
-0.113160864444966
-0.107068217119503
-0.100971546597796
-0.0948710819683926
-0.0887670524624010
-0.0826596874448871
-0.0765492164062512
-0.0704358689536048
-0.0643198748021441
-0.0582014637665186
-0.0520808657521920
-0.0459583107468088
-0.0398340288115486
-0.0337082500724800
-0.0275812047119200
-0.0214531229597748
-0.0153242350848979
-0.00919477138643299
-0.00306496218515941
0.00306496218515949
0.00919477138643301
0.0153242350848983
0.0214531229597750
0.0275812047119199
0.0337082500724807
0.0398340288115488
0.0459583107468091
0.0520808657521922
0.0582014637665182
0.0643198748021444
0.0704358689536048
0.0765492164062509
0.0826596874448872
0.0887670524624011
0.0948710819683927
0.100971546597797
0.107068217119503
0.113160864444966
0.119249259636821
0.125333173917474
0.131412378677714
0.137486645485288
0.143555746093497
0.149619452449761
0.155677536704202
0.161729771218192
0.167775928572916
0.173815781577914
0.179849103279616
0.185875666969876
0.191895246194484
0.197907614761680
0.203912546750652
0.209909816520024
0.215899198716335
0.221880468282509
0.227853400466309
0.233817770828786
0.239773355252706
0.245719929950979
0.251657271475063
0.257585156723363
0.263503362949611
0.269411667771239
0.275309849177735
0.281197685538985
0.287074955613598
0.292941438557225
0.298796913930851
0.304641161709084
0.310473962288421
0.316295096495495
0.322104345595319
0.327901491299498
0.333686315774437
0.339458601649521
0.345218132025287
0.350964690481572
0.356698061085645
0.362418028400327
0.368124377492073
0.373816893939064
0.379495363839250
0.385159573818401
0.390809311038112
0.396444363203811
0.402064518572727
0.407669565961856
0.413259294755887
0.418833494915126
0.424391956983378
0.429934472095827
0.435460831986875
0.440970828997977
0.446464256085438
0.451940906828194
0.457400575435571
0.462843056755014
0.468268146279800
0.473675640156716
0.479065335193728
0.484437028867609
0.489790519331550
0.495125605422749
0.500442086669965
0.505739763301052
0.511018436250470
0.516277907166758
0.521517978419991
0.526738453109207
0.531939135069807
0.537119828880918
0.542280339872747
0.547420474133887
0.552540038518610
0.557638840654121
0.562716688947789
0.567773392594340
0.572808761583038
0.577822606704811
0.582814739559375
0.587784972562301
0.592733118952072
0.597658992797098
0.602562409002699
0.607443183318069
0.612301132343187
0.617136073535721
0.621947825217879
0.626736206583239
0.631501037703542
0.636242139535452
0.640959333927286
0.645652443625709
0.650321292282389
0.654965704460631
0.659585505641960
0.664180522232690
0.668750581570438
0.673295511930616
0.677815142532879
0.682309303547551
0.686777826101999
0.691220542286981
0.695637285162957
0.700027888766357
0.704392188115824
0.708730019218407
0.713041219075729
0.717325625690105
0.721583078070638
0.725813416239259
0.730016481236747
0.734192115128693
0.738340161011444
0.742460463017992
0.746552866323834
0.750617217152788
0.754653362782773
0.758661151551545
0.762640432862401
0.766591057189830
0.770512876085140
0.774405742182032
0.778269509202134
0.782104031960504
0.785909166371083
0.789684769452107
0.793430699331483
0.797146815252118
0.800832977577207
0.804489047795485
0.808114888526424
0.811710363525404
0.815275337688825
0.818809677059187
0.822313248830124
0.825785921351393
0.829227564133821
0.832638047854211
0.836017244360198
0.839365026675063
0.842681269002511
0.845965846731391
0.849218636440383
0.852439515902632
0.855628364090346
0.858785061179337
0.861909488553530
0.865001528809411
0.868061065760454
0.871087984441470
0.874082171112938
0.877043513265272
0.879971899623057
0.882867220149221
0.885729366049176
0.888558229774902
0.891353705028993
0.894115686768646
0.896844071209613
0.899538755830098
0.902199639374607
0.904826621857759
0.907419604568035
0.909978490071500
0.912503182215446
0.914993586132023
0.917449608241790
0.919871156257244
0.922258139186272
0.924610467335586
0.926928052314083
0.929210807036171
0.931458645725040
0.933671483915886
0.935849238459080
0.937991827523303
0.940099170598609
0.942171188499459
0.944207803367691
0.946208938675448
0.948174519228056
0.950104471166842
0.951998721971920
0.953857200464906
0.955679836811599
0.957466562524602
0.959217310465897
0.960932014849367
0.962610611243270
0.964253036572656
0.965859229121740
0.967429128536224
0.968962675825556
0.970459813365159
0.971920484898584
0.973344635539633
0.974732211774417
0.976083161463370
0.977397433843206
0.978674979528826
0.979915750515178
0.981119700179057
0.982286783280860
0.983416955966283
0.984510175767978
0.985566401607138
0.986585593795049
0.987567714034583
0.988512725421635
0.989420592446516
0.990291280995287
0.991124758351048
0.991920993195171
0.992679955608487
0.993401617072415
0.994085950470056
0.994732930087228
0.995342531613466
0.995914732142977
0.996449510175577
0.996946845617604
0.997406719782850
0.997829115393563
0.998214016581613
0.998561408890040
0.998871279275449
0.999143616112379
0.999378409202600
0.999575649798311
0.999735330671043
0.999857446369979
0.999941994606846
0.999988990984382
